0.000000000000000000e+00
-1.177029528648272844e+03
-1.546432421436732284e+03
-1.360837290512528625e+03
-1.218143856839980344e+03
-1.623676743978126979e+03
-1.377433946537977818e+03
-1.573141157213652832e+03
-1.631795143646955466e+03
-1.492723782988566199e+03
-1.576459111047889792e+03
-1.507797220551264218e+03
-1.572215806685188909e+03
-1.590585427879834469e+03
-1.700314782933236984e+03
-1.472200219688935931e+03
-1.344789389242742345e+03
-1.569617485498559063e+03
-1.316156737284484052e+03
-1.537095997426185022e+03
-1.448315317440032914e+03
-1.579622891431520657e+03
-1.610005621688439760e+03
-1.450406425874931529e+03
-1.571788586974667169e+03
-1.521298875296865390e+03
-1.441345788556160187e+03
-1.642816049805745251e+03
-1.516085500669471458e+03
-1.312823277398726987e+03
-1.383066942003145414e+03
-1.129973922712781587e+03
-1.115500892539339020e+03
-1.503077349355180786e+03
-1.312984487761331820e+03
-1.317925317698010304e+03
-1.296304271680414331e+03
-1.071059224894055433e+03
-1.090634480721187174e+03
-1.279493200149634276e+03
-9.005696768594726791e+02
-1.191716268415040986e+03
-1.309444476203804925e+03
-7.709862018540111421e+02
-9.416150663798348432e+02
-9.635563232504732696e+02
-1.043923651905896577e+03
-7.825751668984777325e+02
-8.979481624687526846e+02
-1.306194444677954607e+03
-7.590090910949045337e+02
-9.600561853655251525e+02
-8.917061434849825901e+02
-9.893742548339133691e+02
-1.065575213266694163e+03
-7.527345158296622003e+02
-9.792402130115302725e+02
-5.211147686826332119e+02
-1.049530265223666902e+03
-5.123597170571731567e+02
-5.260564215575169555e+02
-1.064658879282392036e+03
-8.935352549248474361e+02
-7.148015879990189205e+02
-6.554631033867262886e+02
-2.648268243584596462e+02
-6.497466665531048875e+02
-2.495563362933371536e+02
-1.254504080550378688e+02
-1.268969367332271787e+02
-2.537981418355771552e+02
-5.176985330208350433e+02
-5.200178950878841988e+02
-1.538877888972534151e+02
-6.337855007382721624e+02
-6.161855014243790265e+02
-5.029191083874261494e+02
-3.694222574385260600e+02
-6.127996082446841228e+02
-2.547735951010052986e+02
-1.349361079447096472e+02
-2.409638615391596943e+02
-4.896361514566785331e+02
-6.243887975351477735e+02
-1.294912519029476812e+02
-1.302779817665334008e+02
-4.392954166309921789e+02
-2.514481940012669838e+02
-3.871750442829568328e+02
-2.249544061384990528e+02
-1.287565254040874265e+02
-3.658373273067592777e+02
-3.832704924335406531e+02
-4.532295775769171087e+02
-3.626658884328645627e+02
-1.241600874387414137e+02
-3.562057676338039300e+02
-1.226726737644433740e+02
-1.538590872275610266e+01
-3.789061370328852263e+00
-3.782565262618395536e+02
-2.057947282513389986e+00
-1.186962589866021744e+02
-4.871478916341558829e+02
-3.589127816179574211e+02
-2.535614382950469690e+02
-6.173467279931521716e+02
-7.613464574154365891e+02
-3.699550258069429560e+02
-3.614255897176922190e+02
-5.138774928984732924e+02
-5.795781379605367647e+02
-1.617133142110558595e+02
-2.416355434891712264e+02
-2.561127448149196084e+02
-4.880483433405862570e+02
-4.932504923706212026e+02
-3.791579768621418793e+02
-3.777468203709602790e+02
-2.566723753838909943e+02
-3.549563354151399608e+02
-4.987223869503661717e+02
-4.767488767649733745e+02
-2.469819202108082834e+02
-5.891662344374166196e+02
-1.283470185930594596e+02
-1.567666948866700807e+02
-3.843333103816591461e+02
-3.741302326845255379e+02
-2.487441568214109395e+02
-4.981924173921127590e+02
-1.619920467713726794e+03
-2.562314210483560828e+02
-3.986564746241202215e+02
-3.802372851830284617e+02
-4.873172275416661705e+02
-7.030247416193167282e+02
-3.673411828094684779e+02
-2.640345805982207708e+02
-3.739530948449216794e+02
-4.721061330817835255e+02
-3.812241123499689479e+02
-3.802597917333657733e+02
-3.848107778335519811e+02
-7.753503567922006141e+02
-2.568148435966952547e+02
-4.872601060112228311e+02
-3.674024779170264310e+02
-2.602496571710724993e+02
-4.920206360844966866e+02
-3.846169159109841189e+02
-5.155313345578878170e+02
-3.613964209992633982e+02
-3.547861187619567431e+02
-4.888583359953588001e+02
-2.518396090463265296e+02
-2.574546237226699645e+02
-2.578461761166208817e+02
-3.780192174919149579e+02
-5.952345889377196499e+02
-1.268412993416323360e+02
-3.683767150158051891e+02
-3.745968728535282253e+02
-3.598309315494661291e+02
-6.132158746809732293e+02
-2.526009649652164342e+02
-3.794661739332885304e+02
-2.555855980947441140e+02
-3.721289946844255496e+02
-5.804470682784152586e+02
-5.003378252871301015e+02
-4.839036353459371185e+02
-4.935784910972323019e+02
-1.035577108434553566e+03
-6.148146980834859505e+02
-4.826557133680340144e+02
-2.565228741295910595e+02
-5.024547051049981974e+02
-6.176485867043999178e+02
-4.583412904725139470e+02
-7.226785375654429799e+02
-5.845795159184993963e+02
-5.040343108277669444e+02
-3.741830157745233123e+02
-2.603053850838591075e+02
-5.677772506172792646e+02
-4.912456452483220914e+02
-5.020062062686012041e+02
-3.807732910858983360e+02
-3.816256155661018852e+02
-5.843086590256821182e+02
-7.031225760202497668e+02
-2.613540363495390011e+02
-6.219072191359784938e+02
-5.305598361630304680e+02
-2.565013762307061711e+02
-4.167732385018103400e+02
-4.888612886064511827e+02
-4.996844253753655494e+02
-4.662104086306597992e+02
-5.263074101711888488e+02
-2.596488905365309847e+02
-4.895861578828325946e+02
-7.029817980453540258e+02
-5.977560474957978158e+02
-2.665938488751966773e+01
-4.840670112537759451e+02
-4.717964791752916085e+02
-4.806908244621291715e+02
-7.433861292217151231e+02
-5.966151246235435792e+02
-4.981999707190842059e+02
-6.223043935610063500e+02
-5.023170600512703459e+02
-1.045976534915789443e+03
-5.991900924202241185e+02
-3.827832807311939405e+02
-3.768565149955093716e+02
-3.620630770498765401e+02
-4.823953329441044389e+02
-3.850807317154373095e+02
-6.197027670911018049e+02
-6.179720782374138253e+02
-6.047766407347799031e+02
-7.107529045399011238e+02
-2.638223920011992618e+02
-4.498173090559582192e+02
-6.404589744446388977e+02
-6.299272053334017301e+02
-5.983948170733719962e+02
-3.848913320721935065e+02
-7.161663259313471599e+02
-5.006685903026928486e+02
-5.714998221531560603e+02
-6.254155244275985979e+02
-5.194396642780150160e+02
-7.305023406704013951e+02
-2.605047200573292230e+02
-5.300627570024131501e+02
-5.038409377703539462e+02
-3.630139650510524234e+02
-3.842399393539179187e+02
-6.269710552399888002e+02
-6.139248382185830906e+02
-3.789979608313518042e+02
-7.152993787995031880e+02
-6.114458095664275561e+02
-9.571596317857774920e+02
-7.141645212021041971e+02
-3.629322301697979469e+02
-7.249558434011518102e+02
-2.630937917108160491e+02
-4.155655032615271125e+02
-6.377833779554412104e+02
-6.301972839307799177e+02
-2.642342407548898677e+02
-5.052757654289424067e+02
-5.029938030691590143e+02
-3.862075237252317379e+02
-4.763144073800108913e+02
-7.231279628056255433e+02
-4.309078607209393681e+02
-4.996024418465835879e+02
-6.227714009770023722e+02
-5.091641301144076124e+02
-4.999008684965992302e+02
-6.176170884757293607e+02
-5.084255894259222259e+02
-5.084054832897606389e+02
-6.238116978601224218e+02
-3.866820261865056523e+02
-6.137437775262197874e+02
-8.145189179290345010e+02
-6.017907367206928484e+02
-8.590467649285872085e+02
-4.917569790334547406e+02
-5.905297969988331488e+02
-5.781679574324394935e+02
-4.985281930144668081e+02
-4.740997105598017356e+02
-4.814761763875630436e+02
-6.225307413440276605e+02
-4.644815226242789095e+02
-8.433079879839426667e+02
-4.967338660404760731e+02
-7.372443350734699834e+02
-4.942084844691811440e+02
-6.196977686801747041e+02
-6.240435445626997080e+02
-3.804424476265280646e+02
-7.625010192992771181e+02
-5.004284733900703372e+02
-6.037791459535956164e+02
-5.001824430965277770e+02
-8.405470154931293791e+02
-6.183198053738638009e+02
-7.467544532363115195e+02
-5.133085402877374008e+02
-3.792061481645849881e+02
-4.863182920644452452e+02
