0.000000
-9632.618042
-9534.690155
-9561.950989
-9655.888611
-9608.769806
-9609.709839
-9602.460846
-9618.232239
-9786.867493
-9698.697174
-9733.641968
-9587.501953
-9641.520203
-9646.417938
-9802.955780
-9668.001495
-9761.502380
-9629.212036
-9614.121948
-9649.301178
-9385.225983
-9638.586975
-9691.024017
-9694.652344
-9608.095886
-9541.006409
-9529.089844
-9668.999512
-9616.400360
-9696.797485
-9867.621918
-9595.782623
-9426.061493
-9496.115295
-9606.692352
-9500.502533
-9746.080353
-9657.350525
-9541.877441
-9572.938232
-9666.967377
-9554.947998
-9553.709442
-9477.747559
-9522.579041
-9587.565765
-9563.085510
-9666.950165
-9656.208344
-9619.793060
-9729.586182
-9646.014496
-9622.131256
-9608.167023
-9642.927338
-9594.981354
-9632.504883
-9633.896729
-9635.167816
-9613.277466
-9627.232788
-9864.440826
-9827.558655
-9684.582520
-9822.274780
-9747.248993
-9522.871124
-9812.952423
-9587.119141
-9445.109619
-9425.336700
-9376.692993
-9757.561005
-9831.177246
-9597.481720
-9764.573151
-9500.482239
-9929.344910
-9659.311981
-9700.708832
-9690.733429
-9690.660797
-9654.702789
-9575.865570
-9517.891602
-9657.205902
-9633.618347
-9343.734924
-9421.188202
-9320.229919
-9440.414093
-9379.413239
-9359.415771
-9563.039337
-9418.833984
-9413.384186
-9252.252655
-9392.840210
-9478.480072
-9307.629059
-9248.886292
-9316.720825
-9270.923401
-9400.697021
-9840.041016
-9835.141815
-9944.318726
-9954.343414
-9923.665527
-9949.494720
-9816.888306
-9820.396912
-9801.649719
-9940.657043
-9984.139069
-9996.618744
-9960.496124
-9983.154358
-9763.814026
-9960.016937
-10016.058624
-9970.386078
-9989.748596
-9982.989227
-9892.880371
-9572.755676
-9494.365448
-10037.042419
-9406.127258
-9325.496582
-9851.728638
-9469.644318
-9295.287445
-9668.649078
-9748.539276
-9272.255737
-9758.467987
-9654.276306
-9423.906250
-9746.813873
-9252.219238
-9567.111115
-9542.380859
-9427.397949
-9229.732819
-9606.194183
-9480.516937
-9650.623169
-9289.577118
-9455.306366
-10142.821686
-9606.944305
-9708.967163
-9545.077972
-9350.321686
-9332.674011
-9539.464264
-9525.972107
-9687.504272
-9629.468628
-9640.641663
-9611.394867
-9678.821838
-9651.112122
-9644.617462
-9637.651154
-9669.575714
-9630.673706
-9632.935333
-9687.853973
-9645.820343
-9614.687347
-9557.395111
-9557.306793
-9635.687134
-9616.309479
-9635.621918
-9640.707092
-9573.179047
-9647.790771
-9636.253418
-9668.715179
-9637.546478
-9635.266205
-9620.691193
-9632.958374
-9634.916107
-9631.113861
-9616.672791
-9586.342407
-9620.009491
-9649.087708
-9658.743683
-9621.133728
-9625.664246
-9634.868927
-9664.227753
-9623.645721
-9641.545837
-9632.361542
-9616.056915
-9645.120422
-9603.256836
-9599.072723
-9603.402771
-9643.883057
-9628.637268
-9661.481750
-9665.039215
-9610.596100
-9609.578552
-9602.414642
-9663.942261
-9609.824066
-9608.258301
-9618.678833
-9597.920044
-9634.717194
-9641.558716
-9645.287445
-9611.938324
-9650.805054
-9656.251678
-9606.702759
-9600.422089
-9665.384430
-9635.322662
-9652.066162
-9623.947876
-9653.218933
-9621.090912
-9626.505707
-9602.089569
-9630.110321
-9609.360718
-9606.194550
-9598.053955
-9632.440155
-9629.512726
-9657.038666
-9530.436859
-9731.315643
-9572.448761
-9551.775909
-9651.274719
-9491.040985
-9617.057129
-9642.067810
-9669.662659
-9610.970520
-9607.808899
-9643.954559
-9612.853333
-9646.293976
-9627.788544
-9635.538208
-9641.480865
-9667.762726
-9623.655945
-9617.660645
-9613.334106
-9563.129303
-9618.621613
-9676.239075
-9614.804871
-9634.766205
-9625.404083
-9618.730743
-9658.034576
-9610.041107
-9615.908020
-9614.269012
-9633.990265
-9666.761200
-9649.479401
-9619.999115
-9659.770142
-9650.442474
-9685.545593
-9682.065857
-9706.197174
-9692.444458
-9646.100372
-9643.351624
-9574.841156
-9607.172455
-9633.161194
-9823.710022
-9625.613342
-9745.923462
-9703.223969
-9593.972809
-9611.500702
-9601.773590
-9600.821045
-9618.599365
-9611.069061
-9613.642242
-9621.549072
-9608.717987
-9602.707520
-9644.527802
-9604.929169
-9598.573975
-9597.386749
-9630.512329
-9771.743439
-9597.875153
-9592.153076
-9614.094604
-9626.539368
-9605.787354
-9616.561951
-9603.400574
-9597.397980
-9607.708313
-9622.712189
-9604.929718
-9655.809875
-9603.325043
-9605.003998
-9607.133026
-9604.291626
-9607.196716
-9603.462585
-9595.649078
-9594.498993
-9605.132507
-9605.486694
-9589.694855
-9606.683105
-9614.681519
-9670.716339
-9605.414032
-9599.303772
-9616.925262
-9602.161713
-9598.325562
-9648.321411
-9600.943573
-9596.596771
-9605.016388
-9601.759186
-9606.121002
-9656.963379
-9602.576324
-9632.247498
-9612.157806
-9616.207428
-9644.461029
-9612.619171
-9599.434753
-9602.319824
-9612.173187
-9600.446777
-9591.535004
-9607.359528
-9604.645264
-9647.754852
-9620.072540
-9620.639526
-9609.920258
-9598.681793
-9597.288818
-9618.202606
-9598.782440
-9603.844879
-9597.753998
-9595.562744
-9623.713837
-9598.590576
-9610.569305
-9607.257416
-9616.570282
-9614.746094
-9616.890808
-9628.536713
-9607.229889
-9593.428040
-9604.089600
-9603.476959
-9623.426788
-9605.751373
-9611.918365
-9595.444977
-9610.916473
-9600.330688
-9599.961182
-9595.000854
-9616.307648
-9608.308197
-9602.915924
-9603.959473
-9606.178497
-9605.947754
-9609.477936
-9601.781097
-9609.050995
-9591.411011
-9602.123077
-9781.029144
-9625.187103
-9476.539490
-10152.233673
-10171.892517
-10324.770355
-10065.251495
-10011.205536
-9608.253815
-9609.056335
-9634.830078
-9588.603058
-9596.647644
-9591.609863
-9635.199432
-9586.990967
-9598.113922
-9587.880280
-9590.984467
-9591.809418
-9603.851624
-9588.958679
-9591.932373
-9594.719604
-9603.236847
