0.000000
-97653.656250
-108499.289062
-106163.054688
-110796.992188
-111567.867188
-109277.273438
-109320.718750
-111929.492188
-104847.734375
-107602.796875
-105280.601562
-111333.414062
-104299.546875
-100824.625000
-113968.492188
-111907.703125
-115543.648438
-102855.093750
-101441.804688
-102830.117188
-99078.914062
-109809.468750
-83320.531250
-89063.593750
-108065.523438
-102710.000000
-104533.281250
-106965.367188
-104540.367188
-99627.054688
-108117.921875
-106361.476562
-107083.914062
-104990.195312
-99342.273438
-95936.929688
-100486.562500
-101553.375000
-90751.914062
-111512.460938
-103919.367188
-99836.539062
-101193.398438
-106190.140625
-104158.382812
-99855.148438
-105962.390625
-94662.226562
-101373.367188
-107396.281250
-101470.226562
-103145.453125
-101527.804688
-105963.281250
-102862.062500
-97920.421875
-98077.179688
-98131.718750
-102495.257812
-106824.945312
-101876.492188
-104430.851562
-101795.289062
-96394.859375
-101352.148438
-102323.335938
-100809.546875
-102620.546875
-99372.539062
-96426.742188
-101542.968750
-93076.054688
-97324.023438
