0.000000
-14655.656250
-9398.907227
-10277.279297
-9900.347656
-16692.867188
-7239.031250
-17112.158203
-15689.122070
-10671.293945
-11881.966797
-8011.701660
-14533.499023
-13179.515625
-16909.181641
-14946.860352
-13592.463867
-12367.200195
-17418.820312
-15399.625977
-12628.711914
-14564.803711
-11893.995117
-10416.007812
-11887.929688
-11728.453125
-11475.416992
-11402.696289
-10399.547852
-11779.845703
-11149.559570
-11905.875000
-10076.692383
-10739.853516
-10769.220703
-10506.863281
-7263.604492
-7152.382812
-8547.896484
-6602.255371
-10109.055664
-19178.066406
-8070.500977
-8477.416992
-17654.285156
-18222.722656
-6888.453125
-14210.392578
-14987.737305
-15250.224609
-13913.155273
-14876.400391
-11482.684570
-12533.316406
-13933.295898
-14064.337891
-12307.131836
-11210.843750
-12342.839844
-9446.805664
-8308.613281
-11532.453125
-6789.626953
-7285.849121
-9078.064453
-8390.611328
-7116.782227
-8919.962891
-10223.849609
-9743.296875
-7728.957520
-11096.853516
-9828.074219
-11202.565430
-6076.066406
-18478.281250
-10372.683594
-16922.613281
-7722.229980
-8477.915039
-6426.875000
-7122.859375
-6901.505859
-5818.314453
