0.000000
-18937.066406
-28776.341797
-28999.181641
-27882.941406
-27791.896484
-25026.837891
-25827.656250
-26841.093750
-30424.976562
-27201.111328
-28557.425781
-27674.888672
-23071.503906
-26065.703125
-26931.250000
-22747.005859
-23844.197266
-25718.294922
-22782.175781
-23276.634766
-19383.185547
-22680.802734
-20647.457031
-18874.000000
-19890.759766
-21552.289062
-24576.421875
-19659.552734
-18010.011719
-19574.466797
-23255.859375
-18555.996094
-15323.212891
-15367.102539
-15373.470703
-17839.623047
-26783.347656
-28019.494141
-26641.496094
-19048.599609
-20123.693359
